[Lighting]
Red=1.000000
Blue=1.100000
Green=1.000000
Level=0.015000
Ground=0.000000
Ambient=0.500000
IonRed=0.600000
IonBlue=0.450000
IonGreen=0.500000
IonLevel=0.000000
IonGround=0.000000
IonAmbient=0.350000

[TIBCRIS1]
LightVisibility=2000
LightIntensity=0.0001
LightRedTint=0.005
LightGreenTint=0.2
LightBlueTint=0.005

[TIBCRIS3]
LightVisibility=2000
LightIntensity=0.0001
LightRedTint=0.005
LightGreenTint=0.2
LightBlueTint=0.005

[TIBCRIS2]
LightVisibility=2000
LightIntensity=0.0001
LightRedTint=0.005
LightGreenTint=0.2
LightBlueTint=0.005