[Lighting]
Red=1.300000
Blue=0.900000
Green=1.300000
Level=0.035000
Ground=0.000000
Ambient=0.450000
IonRed=0.600000
IonBlue=0.450000
IonGreen=0.500000
IonLevel=0.000000
IonGround=0.000000
IonAmbient=0.350000