[Lighting]
Red=1.000000
Blue=1.000000
Green=1.000000
Level=0.025000
Ground=0.000000
Ambient=0.810000
IonRed=0.600000
IonBlue=0.450000
IonGreen=0.500000
IonLevel=0.000000
IonGround=0.000000
IonAmbient=0.350000