[Lighting]
Red=0.900000
Blue=1.300000
Green=0.900000
Level=0.030000
Ground=0.000000
Ambient=0.250000
IonRed=0.600000
IonBlue=0.450000
IonGreen=0.500000
IonLevel=0.000000
IonGround=0.000000
IonAmbient=0.200000
